<!DOCTYPE html>
<!-- Generated by pkgdown: do not edit by hand --><html lang="en"><head><meta http-equiv="Content-Type" content="text/html; charset=UTF-8"><meta charset="utf-8"><meta http-equiv="X-UA-Compatible" content="IE=edge"><meta name="viewport" content="width=device-width, initial-scale=1, shrink-to-fit=no"><meta name="description" content="A function to sample Dirichlet random variables, based on the representation as ratios of Gamma.
Note that the RNG will generate on the full simplex and the sum to one constraint is respected
here"><title>Random variate generation for Dirichlet distribution on \(S_{d}\) — rdir • mev</title><script src="../deps/jquery-3.6.0/jquery-3.6.0.min.js"></script><meta name="viewport" content="width=device-width, initial-scale=1, shrink-to-fit=no"><link href="../deps/bootstrap-5.1.0/bootstrap.min.css" rel="stylesheet"><script src="../deps/bootstrap-5.1.0/bootstrap.bundle.min.js"></script><!-- Font Awesome icons --><link rel="stylesheet" href="https://cdnjs.cloudflare.com/ajax/libs/font-awesome/5.12.1/css/all.min.css" integrity="sha256-mmgLkCYLUQbXn0B1SRqzHar6dCnv9oZFPEC1g1cwlkk=" crossorigin="anonymous"><link rel="stylesheet" href="https://cdnjs.cloudflare.com/ajax/libs/font-awesome/5.12.1/css/v4-shims.min.css" integrity="sha256-wZjR52fzng1pJHwx4aV2AO3yyTOXrcDW7jBpJtTwVxw=" crossorigin="anonymous"><!-- bootstrap-toc --><script src="https://cdn.rawgit.com/afeld/bootstrap-toc/v1.0.1/dist/bootstrap-toc.min.js"></script><!-- headroom.js --><script src="https://cdnjs.cloudflare.com/ajax/libs/headroom/0.11.0/headroom.min.js" integrity="sha256-AsUX4SJE1+yuDu5+mAVzJbuYNPHj/WroHuZ8Ir/CkE0=" crossorigin="anonymous"></script><script src="https://cdnjs.cloudflare.com/ajax/libs/headroom/0.11.0/jQuery.headroom.min.js" integrity="sha256-ZX/yNShbjqsohH1k95liqY9Gd8uOiE1S4vZc+9KQ1K4=" crossorigin="anonymous"></script><!-- clipboard.js --><script src="https://cdnjs.cloudflare.com/ajax/libs/clipboard.js/2.0.6/clipboard.min.js" integrity="sha256-inc5kl9MA1hkeYUt+EC3BhlIgyp/2jDIyBLS6k3UxPI=" crossorigin="anonymous"></script><!-- search --><script src="https://cdnjs.cloudflare.com/ajax/libs/fuse.js/6.4.6/fuse.js" integrity="sha512-zv6Ywkjyktsohkbp9bb45V6tEMoWhzFzXis+LrMehmJZZSys19Yxf1dopHx7WzIKxr5tK2dVcYmaCk2uqdjF4A==" crossorigin="anonymous"></script><script src="https://cdnjs.cloudflare.com/ajax/libs/autocomplete.js/0.38.0/autocomplete.jquery.min.js" integrity="sha512-GU9ayf+66Xx2TmpxqJpliWbT5PiGYxpaG8rfnBEk1LL8l1KGkRShhngwdXK1UgqhAzWpZHSiYPc09/NwDQIGyg==" crossorigin="anonymous"></script><script src="https://cdnjs.cloudflare.com/ajax/libs/mark.js/8.11.1/mark.min.js" integrity="sha512-5CYOlHXGh6QpOFA/TeTylKLWfB3ftPsde7AnmhuitiTX4K5SqCLBeKro6sPS8ilsz1Q4NRx3v8Ko2IBiszzdww==" crossorigin="anonymous"></script><!-- pkgdown --><script src="../pkgdown.js"></script><meta property="og:title" content="Random variate generation for Dirichlet distribution on \(S_{d}\) — rdir"><meta property="og:description" content="A function to sample Dirichlet random variables, based on the representation as ratios of Gamma.
Note that the RNG will generate on the full simplex and the sum to one constraint is respected
here"><!-- mathjax --><script src="https://cdnjs.cloudflare.com/ajax/libs/mathjax/2.7.5/MathJax.js" integrity="sha256-nvJJv9wWKEm88qvoQl9ekL2J+k/RWIsaSScxxlsrv8k=" crossorigin="anonymous"></script><script src="https://cdnjs.cloudflare.com/ajax/libs/mathjax/2.7.5/config/TeX-AMS-MML_HTMLorMML.js" integrity="sha256-84DKXVJXs0/F8OTMzX4UR909+jtl4G7SPypPavF+GfA=" crossorigin="anonymous"></script><!--[if lt IE 9]>
<script src="https://oss.maxcdn.com/html5shiv/3.7.3/html5shiv.min.js"></script>
<script src="https://oss.maxcdn.com/respond/1.4.2/respond.min.js"></script>
<![endif]--></head><body>
    <a href="#main" class="visually-hidden-focusable">Skip to contents</a>
    

    <nav class="navbar fixed-top navbar-light navbar-expand-lg bg-light"><div class="container">
    
    <a class="navbar-brand me-2" href="../index.html">mev</a>

    <small class="nav-text text-muted me-auto" data-bs-toggle="tooltip" data-bs-placement="bottom" title="">1.14</small>

    
    <button class="navbar-toggler" type="button" data-bs-toggle="collapse" data-bs-target="#navbar" aria-controls="navbar" aria-expanded="false" aria-label="Toggle navigation">
      <span class="navbar-toggler-icon"></span>
    </button>

    <div id="navbar" class="collapse navbar-collapse ms-3">
      <ul class="navbar-nav me-auto"><li class="active nav-item">
  <a class="nav-link" href="../reference/index.html">Reference</a>
</li>
<li class="nav-item dropdown">
  <a href="#" class="nav-link dropdown-toggle" data-bs-toggle="dropdown" role="button" aria-expanded="false" aria-haspopup="true" id="dropdown-articles">Articles</a>
  <div class="dropdown-menu" aria-labelledby="dropdown-articles">
    <a class="dropdown-item" href="../articles/01-univariate.html">Likelihood based inference for univariate extremes</a>
    <a class="dropdown-item" href="../articles/02-threshold.html">Threshold selection</a>
    <a class="dropdown-item" href="../articles/03-penultimate.html">Penultimate approximations</a>
    <a class="dropdown-item" href="../articles/04-simulation.html">Simulation of multivariate extreme value distributions and processes</a>
  </div>
</li>
      </ul><form class="form-inline my-2 my-lg-0" role="search">
        <input type="search" class="form-control me-sm-2" aria-label="Toggle navigation" name="search-input" data-search-index="../search.json" id="search-input" placeholder="Search for" autocomplete="off"></form>

      <ul class="navbar-nav"><li class="nav-item">
  <a class="external-link nav-link" href="https://github.com/lbelzile/mev/" aria-label="github">
    <span class="fab fa fab fa-github fa-lg"></span>
     
  </a>
</li>
      </ul></div>

    
  </div>
</nav><div class="container template-reference-topic">
<div class="row">
  <main id="main" class="col-md-9"><div class="page-header">
      <img src="" class="logo" alt=""><h1>Random variate generation for Dirichlet distribution on \(S_{d}\)</h1>
      <small class="dont-index">Source: <a href="https://github.com/lbelzile/mev/blob/HEAD/R/RcppExports.R" class="external-link"><code>R/RcppExports.R</code></a></small>
      <div class="d-none name"><code>rdir.Rd</code></div>
    </div>

    <div class="ref-description section level2">
    <p>A function to sample Dirichlet random variables, based on the representation as ratios of Gamma.
Note that the RNG will generate on the full simplex and the sum to one constraint is respected
here</p>
    </div>

    <div class="section level2">
    <h2 id="ref-usage">Usage<a class="anchor" aria-label="anchor" href="#ref-usage"></a></h2>
    <div class="sourceCode"><pre class="sourceCode r"><code><span class="fu">rdir</span><span class="op">(</span><span class="va">n</span>, <span class="va">alpha</span>, normalize <span class="op">=</span> <span class="cn">TRUE</span><span class="op">)</span></code></pre></div>
    </div>

    <div class="section level2">
    <h2 id="arguments">Arguments<a class="anchor" aria-label="anchor" href="#arguments"></a></h2>
    <dl><dt>n</dt>
<dd><p>sample size</p></dd>
<dt>alpha</dt>
<dd><p>vector of parameter</p></dd>
<dt>normalize</dt>
<dd><p>boolean. If <code>FALSE</code>, the function returns Gamma variates with parameter <code>alpha</code>.</p></dd>
</dl></div>
    <div class="section level2">
    <h2 id="value">Value<a class="anchor" aria-label="anchor" href="#value"></a></h2>
    <p>sample of dimension <code>d</code> (size of alpha) from the Dirichlet distribution.</p>
    </div>

    <div class="section level2">
    <h2 id="ref-examples">Examples<a class="anchor" aria-label="anchor" href="#ref-examples"></a></h2>
    <div class="sourceCode"><pre class="sourceCode r"><code><span class="r-in"><span class="fu">rdir</span><span class="op">(</span>n<span class="op">=</span><span class="fl">100</span>, alpha<span class="op">=</span><span class="fu"><a href="https://rdrr.io/r/base/c.html" class="external-link">c</a></span><span class="op">(</span><span class="fl">0.5</span>,<span class="fl">0.5</span>,<span class="fl">2</span><span class="op">)</span>,<span class="cn">TRUE</span><span class="op">)</span></span>
<span class="r-out co"><span class="r-pr">#&gt;</span>                [,1]         [,2]       [,3]</span>
<span class="r-out co"><span class="r-pr">#&gt;</span>   [1,] 1.200983e-02 4.172676e-01 0.57072260</span>
<span class="r-out co"><span class="r-pr">#&gt;</span>   [2,] 5.469671e-02 2.054171e-01 0.73988622</span>
<span class="r-out co"><span class="r-pr">#&gt;</span>   [3,] 6.406752e-02 1.706156e-01 0.76531684</span>
<span class="r-out co"><span class="r-pr">#&gt;</span>   [4,] 1.049807e-01 1.090282e-01 0.78599105</span>
<span class="r-out co"><span class="r-pr">#&gt;</span>   [5,] 2.131522e-01 4.015647e-01 0.38528307</span>
<span class="r-out co"><span class="r-pr">#&gt;</span>   [6,] 4.937827e-01 2.493132e-01 0.25690403</span>
<span class="r-out co"><span class="r-pr">#&gt;</span>   [7,] 1.893922e-01 3.699422e-02 0.77361354</span>
<span class="r-out co"><span class="r-pr">#&gt;</span>   [8,] 2.674865e-01 3.825638e-02 0.69425710</span>
<span class="r-out co"><span class="r-pr">#&gt;</span>   [9,] 1.523943e-01 6.924892e-03 0.84068085</span>
<span class="r-out co"><span class="r-pr">#&gt;</span>  [10,] 2.801341e-02 1.648385e-01 0.80714804</span>
<span class="r-out co"><span class="r-pr">#&gt;</span>  [11,] 3.402999e-03 2.185654e-02 0.97474046</span>
<span class="r-out co"><span class="r-pr">#&gt;</span>  [12,] 4.130989e-01 4.723748e-02 0.53966358</span>
<span class="r-out co"><span class="r-pr">#&gt;</span>  [13,] 3.538784e-01 1.413089e-01 0.50481263</span>
<span class="r-out co"><span class="r-pr">#&gt;</span>  [14,] 8.780496e-03 9.022994e-02 0.90098956</span>
<span class="r-out co"><span class="r-pr">#&gt;</span>  [15,] 1.246059e-02 4.378388e-02 0.94375553</span>
<span class="r-out co"><span class="r-pr">#&gt;</span>  [16,] 4.114750e-01 1.988259e-03 0.58653677</span>
<span class="r-out co"><span class="r-pr">#&gt;</span>  [17,] 1.176403e-01 2.721815e-01 0.61017814</span>
<span class="r-out co"><span class="r-pr">#&gt;</span>  [18,] 6.047398e-03 9.486561e-04 0.99300395</span>
<span class="r-out co"><span class="r-pr">#&gt;</span>  [19,] 2.084432e-03 2.942638e-01 0.70365178</span>
<span class="r-out co"><span class="r-pr">#&gt;</span>  [20,] 2.088064e-03 1.198983e-01 0.87801367</span>
<span class="r-out co"><span class="r-pr">#&gt;</span>  [21,] 1.312465e-02 1.018949e-01 0.88498041</span>
<span class="r-out co"><span class="r-pr">#&gt;</span>  [22,] 8.138247e-02 4.552035e-01 0.46341402</span>
<span class="r-out co"><span class="r-pr">#&gt;</span>  [23,] 9.229277e-02 6.089298e-02 0.84681425</span>
<span class="r-out co"><span class="r-pr">#&gt;</span>  [24,] 3.564092e-01 4.141133e-02 0.60217951</span>
<span class="r-out co"><span class="r-pr">#&gt;</span>  [25,] 8.003441e-01 1.125936e-01 0.08706232</span>
<span class="r-out co"><span class="r-pr">#&gt;</span>  [26,] 7.149568e-02 1.226917e-01 0.80581260</span>
<span class="r-out co"><span class="r-pr">#&gt;</span>  [27,] 2.222732e-01 2.205181e-02 0.75567496</span>
<span class="r-out co"><span class="r-pr">#&gt;</span>  [28,] 1.125834e-01 1.550446e-01 0.73237200</span>
<span class="r-out co"><span class="r-pr">#&gt;</span>  [29,] 6.711140e-02 4.486071e-02 0.88802789</span>
<span class="r-out co"><span class="r-pr">#&gt;</span>  [30,] 5.717953e-02 5.289418e-02 0.88992630</span>
<span class="r-out co"><span class="r-pr">#&gt;</span>  [31,] 8.568339e-03 6.136955e-01 0.37773615</span>
<span class="r-out co"><span class="r-pr">#&gt;</span>  [32,] 1.630189e-01 2.921480e-01 0.54483315</span>
<span class="r-out co"><span class="r-pr">#&gt;</span>  [33,] 8.074463e-02 1.431286e-02 0.90494250</span>
<span class="r-out co"><span class="r-pr">#&gt;</span>  [34,] 3.278688e-02 4.894133e-02 0.91827179</span>
<span class="r-out co"><span class="r-pr">#&gt;</span>  [35,] 2.480135e-01 2.443238e-01 0.50766277</span>
<span class="r-out co"><span class="r-pr">#&gt;</span>  [36,] 3.125562e-05 9.249583e-02 0.90747291</span>
<span class="r-out co"><span class="r-pr">#&gt;</span>  [37,] 6.226968e-02 3.535658e-01 0.58416455</span>
<span class="r-out co"><span class="r-pr">#&gt;</span>  [38,] 4.789866e-02 4.614443e-02 0.90595691</span>
<span class="r-out co"><span class="r-pr">#&gt;</span>  [39,] 2.071593e-02 4.542368e-02 0.93386039</span>
<span class="r-out co"><span class="r-pr">#&gt;</span>  [40,] 4.342041e-01 8.308693e-02 0.48270895</span>
<span class="r-out co"><span class="r-pr">#&gt;</span>  [41,] 2.615101e-01 1.435479e-03 0.73705446</span>
<span class="r-out co"><span class="r-pr">#&gt;</span>  [42,] 1.132727e-01 6.174095e-01 0.26931783</span>
<span class="r-out co"><span class="r-pr">#&gt;</span>  [43,] 1.847804e-01 3.010621e-01 0.51415749</span>
<span class="r-out co"><span class="r-pr">#&gt;</span>  [44,] 7.500331e-02 2.235102e-02 0.90264566</span>
<span class="r-out co"><span class="r-pr">#&gt;</span>  [45,] 5.287830e-01 2.525525e-02 0.44596172</span>
<span class="r-out co"><span class="r-pr">#&gt;</span>  [46,] 1.644847e-01 9.673928e-03 0.82584135</span>
<span class="r-out co"><span class="r-pr">#&gt;</span>  [47,] 1.581462e-02 2.638467e-01 0.72033867</span>
<span class="r-out co"><span class="r-pr">#&gt;</span>  [48,] 3.119425e-01 1.836264e-01 0.50443115</span>
<span class="r-out co"><span class="r-pr">#&gt;</span>  [49,] 4.605569e-01 7.662288e-03 0.53178081</span>
<span class="r-out co"><span class="r-pr">#&gt;</span>  [50,] 4.177635e-02 3.376489e-02 0.92445876</span>
<span class="r-out co"><span class="r-pr">#&gt;</span>  [51,] 3.422355e-01 2.409590e-02 0.63366864</span>
<span class="r-out co"><span class="r-pr">#&gt;</span>  [52,] 1.218716e-01 2.720594e-02 0.85092250</span>
<span class="r-out co"><span class="r-pr">#&gt;</span>  [53,] 7.769923e-04 5.652049e-01 0.43401808</span>
<span class="r-out co"><span class="r-pr">#&gt;</span>  [54,] 5.811493e-03 3.373798e-02 0.96045052</span>
<span class="r-out co"><span class="r-pr">#&gt;</span>  [55,] 3.300086e-02 2.534860e-01 0.71351309</span>
<span class="r-out co"><span class="r-pr">#&gt;</span>  [56,] 5.335497e-02 4.110373e-02 0.90554130</span>
<span class="r-out co"><span class="r-pr">#&gt;</span>  [57,] 1.109180e-01 7.903796e-01 0.09870238</span>
<span class="r-out co"><span class="r-pr">#&gt;</span>  [58,] 2.574708e-01 6.970949e-03 0.73555826</span>
<span class="r-out co"><span class="r-pr">#&gt;</span>  [59,] 3.068043e-01 7.025678e-02 0.62293887</span>
<span class="r-out co"><span class="r-pr">#&gt;</span>  [60,] 6.149685e-02 5.288879e-01 0.40961520</span>
<span class="r-out co"><span class="r-pr">#&gt;</span>  [61,] 5.187238e-01 1.859628e-02 0.46267992</span>
<span class="r-out co"><span class="r-pr">#&gt;</span>  [62,] 2.089576e-03 1.170371e-01 0.88087334</span>
<span class="r-out co"><span class="r-pr">#&gt;</span>  [63,] 3.723216e-01 7.901065e-03 0.61977737</span>
<span class="r-out co"><span class="r-pr">#&gt;</span>  [64,] 2.089106e-01 2.081650e-01 0.58292444</span>
<span class="r-out co"><span class="r-pr">#&gt;</span>  [65,] 1.798348e-03 5.386103e-01 0.45959131</span>
<span class="r-out co"><span class="r-pr">#&gt;</span>  [66,] 4.095432e-03 8.521753e-02 0.91068703</span>
<span class="r-out co"><span class="r-pr">#&gt;</span>  [67,] 1.733650e-01 4.671569e-01 0.35947812</span>
<span class="r-out co"><span class="r-pr">#&gt;</span>  [68,] 2.609678e-05 1.636740e-01 0.83629987</span>
<span class="r-out co"><span class="r-pr">#&gt;</span>  [69,] 3.447685e-02 1.874008e-01 0.77812236</span>
<span class="r-out co"><span class="r-pr">#&gt;</span>  [70,] 3.430355e-01 3.144238e-01 0.34254067</span>
<span class="r-out co"><span class="r-pr">#&gt;</span>  [71,] 1.562232e-03 6.978821e-02 0.92864956</span>
<span class="r-out co"><span class="r-pr">#&gt;</span>  [72,] 5.126192e-02 2.040448e-02 0.92833360</span>
<span class="r-out co"><span class="r-pr">#&gt;</span>  [73,] 4.103396e-04 5.497340e-01 0.44985570</span>
<span class="r-out co"><span class="r-pr">#&gt;</span>  [74,] 3.654622e-03 2.577588e-01 0.73858661</span>
<span class="r-out co"><span class="r-pr">#&gt;</span>  [75,] 2.162556e-01 1.050761e-01 0.67866826</span>
<span class="r-out co"><span class="r-pr">#&gt;</span>  [76,] 5.692530e-02 2.399276e-02 0.91908194</span>
<span class="r-out co"><span class="r-pr">#&gt;</span>  [77,] 1.884541e-01 2.266699e-03 0.80927920</span>
<span class="r-out co"><span class="r-pr">#&gt;</span>  [78,] 1.780667e-01 2.487067e-01 0.57322659</span>
<span class="r-out co"><span class="r-pr">#&gt;</span>  [79,] 1.070752e-02 5.786320e-03 0.98350616</span>
<span class="r-out co"><span class="r-pr">#&gt;</span>  [80,] 7.981752e-03 3.128351e-01 0.67918312</span>
<span class="r-out co"><span class="r-pr">#&gt;</span>  [81,] 2.393843e-01 9.281915e-03 0.75133378</span>
<span class="r-out co"><span class="r-pr">#&gt;</span>  [82,] 5.047663e-01 3.500419e-02 0.46022952</span>
<span class="r-out co"><span class="r-pr">#&gt;</span>  [83,] 2.729660e-02 7.430474e-05 0.97262909</span>
<span class="r-out co"><span class="r-pr">#&gt;</span>  [84,] 1.032517e-01 2.359163e-01 0.66083195</span>
<span class="r-out co"><span class="r-pr">#&gt;</span>  [85,] 1.178731e-05 6.747181e-01 0.32527010</span>
<span class="r-out co"><span class="r-pr">#&gt;</span>  [86,] 8.487109e-05 8.851786e-02 0.91139727</span>
<span class="r-out co"><span class="r-pr">#&gt;</span>  [87,] 1.780460e-03 1.259592e-03 0.99695995</span>
<span class="r-out co"><span class="r-pr">#&gt;</span>  [88,] 6.573323e-03 2.694464e-01 0.72398027</span>
<span class="r-out co"><span class="r-pr">#&gt;</span>  [89,] 1.281572e-01 1.340206e-03 0.87050259</span>
<span class="r-out co"><span class="r-pr">#&gt;</span>  [90,] 7.597475e-03 6.696830e-02 0.92543422</span>
<span class="r-out co"><span class="r-pr">#&gt;</span>  [91,] 5.634050e-02 6.151003e-02 0.88214948</span>
<span class="r-out co"><span class="r-pr">#&gt;</span>  [92,] 2.008203e-01 7.968956e-02 0.71949018</span>
<span class="r-out co"><span class="r-pr">#&gt;</span>  [93,] 2.423393e-01 3.425374e-01 0.41512326</span>
<span class="r-out co"><span class="r-pr">#&gt;</span>  [94,] 2.224921e-01 4.221808e-03 0.77328608</span>
<span class="r-out co"><span class="r-pr">#&gt;</span>  [95,] 2.147221e-01 3.606076e-02 0.74921715</span>
<span class="r-out co"><span class="r-pr">#&gt;</span>  [96,] 1.708264e-01 4.086208e-01 0.42055276</span>
<span class="r-out co"><span class="r-pr">#&gt;</span>  [97,] 9.673919e-02 1.500722e-01 0.75318862</span>
<span class="r-out co"><span class="r-pr">#&gt;</span>  [98,] 1.159670e-01 9.652595e-02 0.78750708</span>
<span class="r-out co"><span class="r-pr">#&gt;</span>  [99,] 4.442472e-01 1.686341e-01 0.38711876</span>
<span class="r-out co"><span class="r-pr">#&gt;</span> [100,] 2.817304e-01 2.004118e-03 0.71626550</span>
<span class="r-in"><span class="fu">rdir</span><span class="op">(</span>n<span class="op">=</span><span class="fl">100</span>, alpha<span class="op">=</span><span class="fu"><a href="https://rdrr.io/r/base/c.html" class="external-link">c</a></span><span class="op">(</span><span class="fl">3</span>,<span class="fl">1</span>,<span class="fl">2</span><span class="op">)</span>,<span class="cn">FALSE</span><span class="op">)</span></span>
<span class="r-out co"><span class="r-pr">#&gt;</span>             [,1]       [,2]      [,3]</span>
<span class="r-out co"><span class="r-pr">#&gt;</span>   [1,] 3.5806223 0.16429088 1.4363330</span>
<span class="r-out co"><span class="r-pr">#&gt;</span>   [2,] 3.5863489 0.48675001 0.2945734</span>
<span class="r-out co"><span class="r-pr">#&gt;</span>   [3,] 0.5191856 0.56571851 1.3476165</span>
<span class="r-out co"><span class="r-pr">#&gt;</span>   [4,] 3.0572454 0.75870964 0.4957867</span>
<span class="r-out co"><span class="r-pr">#&gt;</span>   [5,] 0.6712289 2.81031922 1.3739499</span>
<span class="r-out co"><span class="r-pr">#&gt;</span>   [6,] 1.7766274 0.51491199 5.7753507</span>
<span class="r-out co"><span class="r-pr">#&gt;</span>   [7,] 5.1980112 0.74680870 0.8712667</span>
<span class="r-out co"><span class="r-pr">#&gt;</span>   [8,] 0.7832317 0.32076218 1.8251169</span>
<span class="r-out co"><span class="r-pr">#&gt;</span>   [9,] 1.8164491 1.50911787 1.4199056</span>
<span class="r-out co"><span class="r-pr">#&gt;</span>  [10,] 3.8437073 0.63321007 0.1707316</span>
<span class="r-out co"><span class="r-pr">#&gt;</span>  [11,] 3.0454307 3.16483584 3.1156613</span>
<span class="r-out co"><span class="r-pr">#&gt;</span>  [12,] 5.8064077 0.14074295 3.6765402</span>
<span class="r-out co"><span class="r-pr">#&gt;</span>  [13,] 1.8641454 0.84557895 7.4137553</span>
<span class="r-out co"><span class="r-pr">#&gt;</span>  [14,] 1.1736300 1.00919732 0.7443287</span>
<span class="r-out co"><span class="r-pr">#&gt;</span>  [15,] 2.9713201 1.65073095 1.7703679</span>
<span class="r-out co"><span class="r-pr">#&gt;</span>  [16,] 4.1716465 1.01726562 1.8056013</span>
<span class="r-out co"><span class="r-pr">#&gt;</span>  [17,] 2.9324668 0.13107347 1.4503016</span>
<span class="r-out co"><span class="r-pr">#&gt;</span>  [18,] 5.2781363 1.82068474 3.9430276</span>
<span class="r-out co"><span class="r-pr">#&gt;</span>  [19,] 2.2138287 0.44560083 4.5642070</span>
<span class="r-out co"><span class="r-pr">#&gt;</span>  [20,] 3.4872290 1.06530574 1.3334971</span>
<span class="r-out co"><span class="r-pr">#&gt;</span>  [21,] 0.5402611 1.32500832 0.7437200</span>
<span class="r-out co"><span class="r-pr">#&gt;</span>  [22,] 4.9117105 0.72817266 2.2953126</span>
<span class="r-out co"><span class="r-pr">#&gt;</span>  [23,] 5.2280549 1.98474551 4.3790928</span>
<span class="r-out co"><span class="r-pr">#&gt;</span>  [24,] 5.2264994 0.53324337 0.7037596</span>
<span class="r-out co"><span class="r-pr">#&gt;</span>  [25,] 1.3405926 0.43628516 5.1107455</span>
<span class="r-out co"><span class="r-pr">#&gt;</span>  [26,] 3.4540471 1.36200549 1.3822771</span>
<span class="r-out co"><span class="r-pr">#&gt;</span>  [27,] 1.5716870 3.12210603 3.6317457</span>
<span class="r-out co"><span class="r-pr">#&gt;</span>  [28,] 2.6902309 0.36198147 4.3218787</span>
<span class="r-out co"><span class="r-pr">#&gt;</span>  [29,] 6.0405311 1.10781875 1.7560398</span>
<span class="r-out co"><span class="r-pr">#&gt;</span>  [30,] 5.9088640 0.74108451 0.3513223</span>
<span class="r-out co"><span class="r-pr">#&gt;</span>  [31,] 1.7903857 0.41823483 0.1108663</span>
<span class="r-out co"><span class="r-pr">#&gt;</span>  [32,] 4.0502163 1.18281067 1.4690982</span>
<span class="r-out co"><span class="r-pr">#&gt;</span>  [33,] 3.9763782 1.74477696 4.7056762</span>
<span class="r-out co"><span class="r-pr">#&gt;</span>  [34,] 1.5329652 4.01119593 1.0538613</span>
<span class="r-out co"><span class="r-pr">#&gt;</span>  [35,] 1.9134197 1.62256869 1.4834122</span>
<span class="r-out co"><span class="r-pr">#&gt;</span>  [36,] 3.8662030 0.29514039 4.5781610</span>
<span class="r-out co"><span class="r-pr">#&gt;</span>  [37,] 1.4242328 3.06456252 0.6588286</span>
<span class="r-out co"><span class="r-pr">#&gt;</span>  [38,] 2.3109077 0.58534591 0.8717445</span>
<span class="r-out co"><span class="r-pr">#&gt;</span>  [39,] 3.8799819 0.17628655 0.4648718</span>
<span class="r-out co"><span class="r-pr">#&gt;</span>  [40,] 1.0383487 0.69333225 0.6367161</span>
<span class="r-out co"><span class="r-pr">#&gt;</span>  [41,] 1.7879741 1.00494232 4.4566953</span>
<span class="r-out co"><span class="r-pr">#&gt;</span>  [42,] 4.0967402 0.62548480 5.0710935</span>
<span class="r-out co"><span class="r-pr">#&gt;</span>  [43,] 4.3214311 0.62970742 1.6134154</span>
<span class="r-out co"><span class="r-pr">#&gt;</span>  [44,] 2.0034124 1.29790982 3.2159645</span>
<span class="r-out co"><span class="r-pr">#&gt;</span>  [45,] 1.6896058 0.70339678 1.5912472</span>
<span class="r-out co"><span class="r-pr">#&gt;</span>  [46,] 1.1215118 1.00394040 1.2300292</span>
<span class="r-out co"><span class="r-pr">#&gt;</span>  [47,] 2.5165104 0.51222061 1.3831104</span>
<span class="r-out co"><span class="r-pr">#&gt;</span>  [48,] 3.8222020 0.23210909 1.2181405</span>
<span class="r-out co"><span class="r-pr">#&gt;</span>  [49,] 6.8946794 1.43513583 1.4746009</span>
<span class="r-out co"><span class="r-pr">#&gt;</span>  [50,] 1.0387056 0.53340385 4.0083240</span>
<span class="r-out co"><span class="r-pr">#&gt;</span>  [51,] 4.5091487 0.13756207 2.0511536</span>
<span class="r-out co"><span class="r-pr">#&gt;</span>  [52,] 1.3306141 0.58306527 3.5368835</span>
<span class="r-out co"><span class="r-pr">#&gt;</span>  [53,] 1.7000354 0.16237637 0.9035040</span>
<span class="r-out co"><span class="r-pr">#&gt;</span>  [54,] 4.5675359 1.62943492 0.5030574</span>
<span class="r-out co"><span class="r-pr">#&gt;</span>  [55,] 3.7579045 4.35371832 0.5061478</span>
<span class="r-out co"><span class="r-pr">#&gt;</span>  [56,] 4.5876322 0.58013214 0.3782676</span>
<span class="r-out co"><span class="r-pr">#&gt;</span>  [57,] 7.0260941 0.12751991 1.7001996</span>
<span class="r-out co"><span class="r-pr">#&gt;</span>  [58,] 4.4090710 0.47543202 6.3471173</span>
<span class="r-out co"><span class="r-pr">#&gt;</span>  [59,] 2.1176563 1.75183389 0.9398455</span>
<span class="r-out co"><span class="r-pr">#&gt;</span>  [60,] 1.5590015 0.41056802 4.1161434</span>
<span class="r-out co"><span class="r-pr">#&gt;</span>  [61,] 1.9336569 1.33021813 5.0938611</span>
<span class="r-out co"><span class="r-pr">#&gt;</span>  [62,] 0.9604132 0.31577534 1.0847309</span>
<span class="r-out co"><span class="r-pr">#&gt;</span>  [63,] 3.2304251 1.80456514 2.4803022</span>
<span class="r-out co"><span class="r-pr">#&gt;</span>  [64,] 1.1478336 1.52828673 1.4989679</span>
<span class="r-out co"><span class="r-pr">#&gt;</span>  [65,] 3.8511378 1.12096715 1.3281819</span>
<span class="r-out co"><span class="r-pr">#&gt;</span>  [66,] 3.1761339 3.12547140 1.8640920</span>
<span class="r-out co"><span class="r-pr">#&gt;</span>  [67,] 3.5362214 1.10382615 2.0277034</span>
<span class="r-out co"><span class="r-pr">#&gt;</span>  [68,] 0.8296751 0.07163743 1.2411745</span>
<span class="r-out co"><span class="r-pr">#&gt;</span>  [69,] 1.6655442 7.83223917 0.7619994</span>
<span class="r-out co"><span class="r-pr">#&gt;</span>  [70,] 4.4486161 2.66071054 2.4260625</span>
<span class="r-out co"><span class="r-pr">#&gt;</span>  [71,] 2.7995609 3.80713900 1.2952952</span>
<span class="r-out co"><span class="r-pr">#&gt;</span>  [72,] 6.9166534 0.02190433 1.6299354</span>
<span class="r-out co"><span class="r-pr">#&gt;</span>  [73,] 2.9564156 3.01301721 3.4486462</span>
<span class="r-out co"><span class="r-pr">#&gt;</span>  [74,] 2.3180321 0.40314724 6.5958056</span>
<span class="r-out co"><span class="r-pr">#&gt;</span>  [75,] 3.0984318 0.44313427 1.4009734</span>
<span class="r-out co"><span class="r-pr">#&gt;</span>  [76,] 4.1619789 1.06433016 3.3788266</span>
<span class="r-out co"><span class="r-pr">#&gt;</span>  [77,] 2.2406345 2.37179573 0.5126196</span>
<span class="r-out co"><span class="r-pr">#&gt;</span>  [78,] 2.8405126 1.36827498 1.0031464</span>
<span class="r-out co"><span class="r-pr">#&gt;</span>  [79,] 3.0856193 0.89704088 3.0025300</span>
<span class="r-out co"><span class="r-pr">#&gt;</span>  [80,] 3.2910129 0.86574998 0.5113335</span>
<span class="r-out co"><span class="r-pr">#&gt;</span>  [81,] 4.0228616 1.46537447 1.9375124</span>
<span class="r-out co"><span class="r-pr">#&gt;</span>  [82,] 0.4335552 2.09720027 1.9818001</span>
<span class="r-out co"><span class="r-pr">#&gt;</span>  [83,] 0.4600798 0.97915794 1.3472679</span>
<span class="r-out co"><span class="r-pr">#&gt;</span>  [84,] 1.7154897 1.48739214 1.1390135</span>
<span class="r-out co"><span class="r-pr">#&gt;</span>  [85,] 1.4581621 0.49433370 1.6054939</span>
<span class="r-out co"><span class="r-pr">#&gt;</span>  [86,] 7.2077960 0.62156778 1.7869377</span>
<span class="r-out co"><span class="r-pr">#&gt;</span>  [87,] 2.3611707 2.50124587 0.4119828</span>
<span class="r-out co"><span class="r-pr">#&gt;</span>  [88,] 1.4592564 1.53732454 0.3379988</span>
<span class="r-out co"><span class="r-pr">#&gt;</span>  [89,] 0.9967300 0.34538431 1.5476422</span>
<span class="r-out co"><span class="r-pr">#&gt;</span>  [90,] 0.7037616 3.28107375 1.0323901</span>
<span class="r-out co"><span class="r-pr">#&gt;</span>  [91,] 7.5508363 1.26627765 1.9617336</span>
<span class="r-out co"><span class="r-pr">#&gt;</span>  [92,] 4.4722093 0.37999313 4.5241559</span>
<span class="r-out co"><span class="r-pr">#&gt;</span>  [93,] 1.5447284 0.07216783 1.3333920</span>
<span class="r-out co"><span class="r-pr">#&gt;</span>  [94,] 0.8987009 0.86676044 1.5147813</span>
<span class="r-out co"><span class="r-pr">#&gt;</span>  [95,] 1.5747097 0.27642754 1.4067947</span>
<span class="r-out co"><span class="r-pr">#&gt;</span>  [96,] 1.8487052 0.39434759 1.3526483</span>
<span class="r-out co"><span class="r-pr">#&gt;</span>  [97,] 2.3353823 3.36257705 0.8735704</span>
<span class="r-out co"><span class="r-pr">#&gt;</span>  [98,] 4.9237932 0.74601446 1.0115178</span>
<span class="r-out co"><span class="r-pr">#&gt;</span>  [99,] 6.2148871 1.98701041 0.5484934</span>
<span class="r-out co"><span class="r-pr">#&gt;</span> [100,] 1.6386062 0.93499838 0.5562714</span>
</code></pre></div>
    </div>
  </main><aside class="col-md-3"><nav id="toc"><h2>On this page</h2>
    </nav></aside></div>


    <footer><div class="pkgdown-footer-left">
  <p></p><p>Developed by Leo Belzile, Jennifer L. Wadsworth, Paul J. Northrop,
Scott D. Grimshaw, Raphael Huser.</p>
</div>

<div class="pkgdown-footer-right">
  <p></p><p>Site built with <a href="https://pkgdown.r-lib.org/" class="external-link">pkgdown</a>
2.0.2.9000.</p>
</div>

    </footer></div>

  

  

  </body></html>

