<!DOCTYPE html>
<!-- Generated by pkgdown: do not edit by hand --><html lang="en"><head><meta http-equiv="Content-Type" content="text/html; charset=UTF-8"><meta charset="utf-8"><meta http-equiv="X-UA-Compatible" content="IE=edge"><meta name="viewport" content="width=device-width, initial-scale=1, shrink-to-fit=no"><title>Random samples from spectral distributions of multivariate extreme value models. — rmevspec • mev</title><script src="../deps/jquery-3.6.0/jquery-3.6.0.min.js"></script><meta name="viewport" content="width=device-width, initial-scale=1, shrink-to-fit=no"><link href="../deps/bootstrap-5.3.1/bootstrap.min.css" rel="stylesheet"><script src="../deps/bootstrap-5.3.1/bootstrap.bundle.min.js"></script><link href="../deps/font-awesome-6.5.2/css/all.min.css" rel="stylesheet"><link href="../deps/font-awesome-6.5.2/css/v4-shims.min.css" rel="stylesheet"><script src="../deps/headroom-0.11.0/headroom.min.js"></script><script src="../deps/headroom-0.11.0/jQuery.headroom.min.js"></script><script src="../deps/bootstrap-toc-1.0.1/bootstrap-toc.min.js"></script><script src="../deps/clipboard.js-2.0.11/clipboard.min.js"></script><script src="../deps/search-1.0.0/autocomplete.jquery.min.js"></script><script src="../deps/search-1.0.0/fuse.min.js"></script><script src="../deps/search-1.0.0/mark.min.js"></script><!-- pkgdown --><script src="../pkgdown.js"></script><meta property="og:title" content="Random samples from spectral distributions of multivariate extreme value models. — rmevspec"><meta name="description" content="Generate from \(Q_i\), the spectral measure of a given multivariate extreme value model based on the L1 norm."><meta property="og:description" content="Generate from \(Q_i\), the spectral measure of a given multivariate extreme value model based on the L1 norm."></head><body>
    <a href="#main" class="visually-hidden-focusable">Skip to contents</a>


    <nav class="navbar navbar-expand-lg fixed-top bg-light" data-bs-theme="light" aria-label="Site navigation"><div class="container">

    <a class="navbar-brand me-2" href="../index.html">mev</a>

    <small class="nav-text text-muted me-auto" data-bs-toggle="tooltip" data-bs-placement="bottom" title="">1.17.10006</small>


    <button class="navbar-toggler" type="button" data-bs-toggle="collapse" data-bs-target="#navbar" aria-controls="navbar" aria-expanded="false" aria-label="Toggle navigation">
      <span class="navbar-toggler-icon"></span>
    </button>

    <div id="navbar" class="collapse navbar-collapse ms-3">
      <ul class="navbar-nav me-auto"><li class="active nav-item"><a class="nav-link" href="../reference/index.html">Reference</a></li>
<li class="nav-item dropdown">
  <button class="nav-link dropdown-toggle" type="button" id="dropdown-articles" data-bs-toggle="dropdown" aria-expanded="false" aria-haspopup="true">Articles</button>
  <ul class="dropdown-menu" aria-labelledby="dropdown-articles"><li><a class="dropdown-item" href="../articles/01-univariate.html">Likelihood based inference for univariate extremes</a></li>
    <li><a class="dropdown-item" href="../articles/02-threshold.html">Threshold selection</a></li>
    <li><a class="dropdown-item" href="../articles/03-penultimate.html">Penultimate approximations</a></li>
    <li><a class="dropdown-item" href="../articles/04-simulation.html">Simulation of multivariate extreme value distributions and processes</a></li>
    <li><a class="dropdown-item" href="../articles/mev-vignette.html">Exact unconditional sampling from max-stable random vectors</a></li>
  </ul></li>
<li class="nav-item"><a class="nav-link" href="../news/index.html">Changelog</a></li>
      </ul><ul class="navbar-nav"><li class="nav-item"><form class="form-inline" role="search">
 <input class="form-control" type="search" name="search-input" id="search-input" autocomplete="off" aria-label="Search site" placeholder="Search for" data-search-index="../search.json"></form></li>
<li class="nav-item"><a class="external-link nav-link" href="https://github.com/lbelzile/mev/" aria-label="GitHub"><span class="fa fab fa-github fa-lg"></span></a></li>
      </ul></div>


  </div>
</nav><div class="container template-reference-topic">
<div class="row">
  <main id="main" class="col-md-9"><div class="page-header">

      <h1>Random samples from spectral distributions of multivariate extreme value models.</h1>
      <small class="dont-index">Source: <a href="https://github.com/lbelzile/mev/blob/HEAD/R/rmev.R" class="external-link"><code>R/rmev.R</code></a></small>
      <div class="d-none name"><code>rmevspec.Rd</code></div>
    </div>

    <div class="ref-description section level2">
    <p>Generate from \(Q_i\), the spectral measure of a given multivariate extreme value model based on the L1 norm.</p>
    </div>

    <div class="section level2">
    <h2 id="ref-usage">Usage<a class="anchor" aria-label="anchor" href="#ref-usage"></a></h2>
    <div class="sourceCode"><pre class="sourceCode r"><code><span><span class="fu">rmevspec</span><span class="op">(</span></span>
<span>  <span class="va">n</span>,</span>
<span>  <span class="va">d</span>,</span>
<span>  <span class="va">param</span>,</span>
<span>  <span class="va">sigma</span>,</span>
<span>  model <span class="op">=</span> <span class="fu"><a href="https://rdrr.io/r/base/c.html" class="external-link">c</a></span><span class="op">(</span><span class="st">"log"</span>, <span class="st">"neglog"</span>, <span class="st">"bilog"</span>, <span class="st">"negbilog"</span>, <span class="st">"hr"</span>, <span class="st">"br"</span>, <span class="st">"xstud"</span>, <span class="st">"smith"</span>,</span>
<span>    <span class="st">"schlather"</span>, <span class="st">"ct"</span>, <span class="st">"sdir"</span>, <span class="st">"dirmix"</span>, <span class="st">"pairbeta"</span>, <span class="st">"pairexp"</span>, <span class="st">"wdirbs"</span>, <span class="st">"wexpbs"</span>,</span>
<span>    <span class="st">"maxlin"</span><span class="op">)</span>,</span>
<span>  weights <span class="op">=</span> <span class="cn">NULL</span>,</span>
<span>  vario <span class="op">=</span> <span class="cn">NULL</span>,</span>
<span>  coord <span class="op">=</span> <span class="cn">NULL</span>,</span>
<span>  grid <span class="op">=</span> <span class="cn">FALSE</span>,</span>
<span>  dist <span class="op">=</span> <span class="cn">NULL</span>,</span>
<span>  <span class="va">...</span></span>
<span><span class="op">)</span></span></code></pre></div>
    </div>

    <div class="section level2">
    <h2 id="arguments">Arguments<a class="anchor" aria-label="anchor" href="#arguments"></a></h2>


<dl><dt id="arg-n">n<a class="anchor" aria-label="anchor" href="#arg-n"></a></dt>
<dd><p>number of observations</p></dd>


<dt id="arg-d">d<a class="anchor" aria-label="anchor" href="#arg-d"></a></dt>
<dd><p>dimension of sample</p></dd>


<dt id="arg-param">param<a class="anchor" aria-label="anchor" href="#arg-param"></a></dt>
<dd><p>parameter vector for the logistic, bilogistic, negative bilogistic and extremal Dirichlet (Coles and Tawn) model.
Parameter matrix for the Dirichlet mixture. Degree of freedoms for extremal student model. See <b>Details</b>.</p></dd>


<dt id="arg-sigma">sigma<a class="anchor" aria-label="anchor" href="#arg-sigma"></a></dt>
<dd><p>covariance matrix for Brown-Resnick and extremal Student-t distributions. Symmetric matrix of squared  coefficients \(\lambda^2\) for the Husler-Reiss model, with zero diagonal elements.</p></dd>


<dt id="arg-model">model<a class="anchor" aria-label="anchor" href="#arg-model"></a></dt>
<dd><p>for multivariate extreme value distributions, users can choose between 1-parameter logistic and negative logistic, asymmetric logistic and negative logistic, bilogistic, Husler-Reiss, extremal Dirichlet model (Coles and Tawn) or the Dirichlet mixture. Spatial models include
the Brown-Resnick, Smith, Schlather and extremal Student max-stable processes. Max linear models are also supported</p></dd>


<dt id="arg-weights">weights<a class="anchor" aria-label="anchor" href="#arg-weights"></a></dt>
<dd><p>vector of length <code>m</code> for the <code>m</code> mixture components that sum to one. For the <code>"maxlin"</code> model, weights should be a matrix with <code>d</code> columns that represent the weight of the components and whose column sum to one (if provided, this argument overrides <code>asy</code>).</p></dd>


<dt id="arg-vario">vario<a class="anchor" aria-label="anchor" href="#arg-vario"></a></dt>
<dd><p>semivariogram function whose first argument must be distance. Used only if provided in conjunction with <code>coord</code> and if <code>sigma</code> is missing</p></dd>


<dt id="arg-coord">coord<a class="anchor" aria-label="anchor" href="#arg-coord"></a></dt>
<dd><p><code>d</code> by <code>k</code> matrix of coordinates, used as input in the variogram <code>vario</code> or as parameter for the Smith model. If <code>grid</code> is <code>TRUE</code>, unique entries should be supplied.</p></dd>


<dt id="arg-grid">grid<a class="anchor" aria-label="anchor" href="#arg-grid"></a></dt>
<dd><p>Logical. <code>TRUE</code> if the coordinates are two-dimensional grid points (spatial models).</p></dd>


<dt id="arg-dist">dist<a class="anchor" aria-label="anchor" href="#arg-dist"></a></dt>
<dd><p>symmetric matrix of pairwise distances. Default to <code>NULL</code>.</p></dd>


<dt id="arg--">...<a class="anchor" aria-label="anchor" href="#arg--"></a></dt>
<dd><p>additional arguments for the <code>vario</code> function</p></dd>

</dl></div>
    <div class="section level2">
    <h2 id="value">Value<a class="anchor" aria-label="anchor" href="#value"></a></h2>
    <p>an <code>n</code> by <code>d</code> exact sample from the corresponding multivariate extreme value model</p>
    </div>
    <div class="section level2">
    <h2 id="details">Details<a class="anchor" aria-label="anchor" href="#details"></a></h2>
    <p>The vector param differs depending on the model</p><ul><li><p><code>log</code>: one dimensional parameter greater than 1</p></li>
<li><p><code>neglog</code>: one dimensional positive parameter</p></li>
<li><p><code>bilog</code>: <code>d</code>-dimensional vector of parameters in \([0,1]\)</p></li>
<li><p><code>negbilog</code>: <code>d</code>-dimensional vector of negative parameters</p></li>
<li><p><code>ct</code>, <code>dir</code>, <code>negdir</code>: <code>d</code>-dimensional vector of positive (a)symmetry parameters. Alternatively, a \(d+1\)
 vector consisting of the <code>d</code> Dirichlet parameters and the last entry is an index of regular variation in \((0, 1]\) treated as scale</p></li>
<li><p><code>xstud</code>: one dimensional parameter corresponding to degrees of freedom <code>alpha</code></p></li>
<li><p><code>dirmix</code>: <code>d</code> by <code>m</code>-dimensional matrix of positive (a)symmetry parameters</p></li>
<li><p><code>pairbeta, pairexp</code>: <code>d(d-1)/2+1</code> vector of parameters, containing the concentration parameter and the coefficients of the pairwise beta, in lexicographical order e.g., \(\beta_{1,2}, \beta_{1,3}, \ldots\)</p></li>
<li><p><code>wdirbs, wexpbs</code>: <code>2d</code> vector of <code>d</code> concentration parameters followed by the <code>d</code> Dirichlet parameters</p></li>
</ul></div>
    <div class="section level2">
    <h2 id="note">Note<a class="anchor" aria-label="anchor" href="#note"></a></h2>


<p>This functionality can be useful to generate for example Pareto processes with marginal exceedances.</p>
    </div>
    <div class="section level2">
    <h2 id="references">References<a class="anchor" aria-label="anchor" href="#references"></a></h2>
    <p>Dombry, Engelke and Oesting (2016). Exact simulation of max-stable processes, <em>Biometrika</em>, <b>103</b>(2), 303–317.</p>
<p>Boldi (2009). A note on the representation of parametric models for multivariate extremes.
<em>Extremes</em> <b>12</b>, 211–218.</p>
    </div>
    <div class="section level2">
    <h2 id="author">Author<a class="anchor" aria-label="anchor" href="#author"></a></h2>
    <p>Leo Belzile</p>
    </div>

    <div class="section level2">
    <h2 id="ref-examples">Examples<a class="anchor" aria-label="anchor" href="#ref-examples"></a></h2>
    <div class="sourceCode"><pre class="sourceCode r"><code><span class="r-in"><span><span class="fu"><a href="https://rdrr.io/r/base/Random.html" class="external-link">set.seed</a></span><span class="op">(</span><span class="fl">1</span><span class="op">)</span></span></span>
<span class="r-in"><span><span class="fu">rmevspec</span><span class="op">(</span>n<span class="op">=</span><span class="fl">100</span>, d<span class="op">=</span><span class="fl">3</span>, param<span class="op">=</span><span class="fl">2.5</span>, model<span class="op">=</span><span class="st">'log'</span><span class="op">)</span></span></span>
<span class="r-out co"><span class="r-pr">#&gt;</span>              [,1]       [,2]       [,3]</span>
<span class="r-out co"><span class="r-pr">#&gt;</span>   [1,] 0.25523061 0.53956467 0.20520472</span>
<span class="r-out co"><span class="r-pr">#&gt;</span>   [2,] 0.49950727 0.24182974 0.25866299</span>
<span class="r-out co"><span class="r-pr">#&gt;</span>   [3,] 0.09690181 0.84429025 0.05880794</span>
<span class="r-out co"><span class="r-pr">#&gt;</span>   [4,] 0.14968357 0.20081837 0.64949806</span>
<span class="r-out co"><span class="r-pr">#&gt;</span>   [5,] 0.31644664 0.33776951 0.34578384</span>
<span class="r-out co"><span class="r-pr">#&gt;</span>   [6,] 0.40585410 0.24744829 0.34669761</span>
<span class="r-out co"><span class="r-pr">#&gt;</span>   [7,] 0.34190440 0.42640123 0.23169438</span>
<span class="r-out co"><span class="r-pr">#&gt;</span>   [8,] 0.30139404 0.37250351 0.32610245</span>
<span class="r-out co"><span class="r-pr">#&gt;</span>   [9,] 0.49383789 0.28298163 0.22318048</span>
<span class="r-out co"><span class="r-pr">#&gt;</span>  [10,] 0.34311249 0.35963094 0.29725656</span>
<span class="r-out co"><span class="r-pr">#&gt;</span>  [11,] 0.31731829 0.38568985 0.29699186</span>
<span class="r-out co"><span class="r-pr">#&gt;</span>  [12,] 0.41654853 0.45631933 0.12713214</span>
<span class="r-out co"><span class="r-pr">#&gt;</span>  [13,] 0.31718297 0.52808696 0.15473008</span>
<span class="r-out co"><span class="r-pr">#&gt;</span>  [14,] 0.54776772 0.12712686 0.32510542</span>
<span class="r-out co"><span class="r-pr">#&gt;</span>  [15,] 0.46090048 0.22475579 0.31434372</span>
<span class="r-out co"><span class="r-pr">#&gt;</span>  [16,] 0.35805293 0.25018043 0.39176664</span>
<span class="r-out co"><span class="r-pr">#&gt;</span>  [17,] 0.35613354 0.18080080 0.46306566</span>
<span class="r-out co"><span class="r-pr">#&gt;</span>  [18,] 0.18238254 0.51989655 0.29772091</span>
<span class="r-out co"><span class="r-pr">#&gt;</span>  [19,] 0.11837443 0.56335068 0.31827490</span>
<span class="r-out co"><span class="r-pr">#&gt;</span>  [20,] 0.38439249 0.32848402 0.28712349</span>
<span class="r-out co"><span class="r-pr">#&gt;</span>  [21,] 0.42625231 0.30540881 0.26833888</span>
<span class="r-out co"><span class="r-pr">#&gt;</span>  [22,] 0.22199672 0.54359840 0.23440488</span>
<span class="r-out co"><span class="r-pr">#&gt;</span>  [23,] 0.35487225 0.39470031 0.25042744</span>
<span class="r-out co"><span class="r-pr">#&gt;</span>  [24,] 0.31688048 0.28913121 0.39398832</span>
<span class="r-out co"><span class="r-pr">#&gt;</span>  [25,] 0.22325021 0.43791465 0.33883514</span>
<span class="r-out co"><span class="r-pr">#&gt;</span>  [26,] 0.23476446 0.41455357 0.35068197</span>
<span class="r-out co"><span class="r-pr">#&gt;</span>  [27,] 0.74496221 0.10283155 0.15220624</span>
<span class="r-out co"><span class="r-pr">#&gt;</span>  [28,] 0.47982957 0.31272030 0.20745013</span>
<span class="r-out co"><span class="r-pr">#&gt;</span>  [29,] 0.41166667 0.18877346 0.39955988</span>
<span class="r-out co"><span class="r-pr">#&gt;</span>  [30,] 0.66666884 0.18768873 0.14564243</span>
<span class="r-out co"><span class="r-pr">#&gt;</span>  [31,] 0.12366956 0.11220365 0.76412678</span>
<span class="r-out co"><span class="r-pr">#&gt;</span>  [32,] 0.32197227 0.28813342 0.38989431</span>
<span class="r-out co"><span class="r-pr">#&gt;</span>  [33,] 0.15962112 0.70588650 0.13449238</span>
<span class="r-out co"><span class="r-pr">#&gt;</span>  [34,] 0.29869877 0.24533328 0.45596795</span>
<span class="r-out co"><span class="r-pr">#&gt;</span>  [35,] 0.24024526 0.44230272 0.31745202</span>
<span class="r-out co"><span class="r-pr">#&gt;</span>  [36,] 0.30665521 0.20767501 0.48566977</span>
<span class="r-out co"><span class="r-pr">#&gt;</span>  [37,] 0.44398224 0.23863558 0.31738219</span>
<span class="r-out co"><span class="r-pr">#&gt;</span>  [38,] 0.24663838 0.40233133 0.35103029</span>
<span class="r-out co"><span class="r-pr">#&gt;</span>  [39,] 0.14727118 0.59193895 0.26078987</span>
<span class="r-out co"><span class="r-pr">#&gt;</span>  [40,] 0.43487698 0.25690635 0.30821667</span>
<span class="r-out co"><span class="r-pr">#&gt;</span>  [41,] 0.30079447 0.25862662 0.44057891</span>
<span class="r-out co"><span class="r-pr">#&gt;</span>  [42,] 0.38958126 0.53196925 0.07844949</span>
<span class="r-out co"><span class="r-pr">#&gt;</span>  [43,] 0.34865895 0.32371936 0.32762169</span>
<span class="r-out co"><span class="r-pr">#&gt;</span>  [44,] 0.19671246 0.44371484 0.35957271</span>
<span class="r-out co"><span class="r-pr">#&gt;</span>  [45,] 0.56992506 0.32221843 0.10785651</span>
<span class="r-out co"><span class="r-pr">#&gt;</span>  [46,] 0.21847715 0.29121012 0.49031273</span>
<span class="r-out co"><span class="r-pr">#&gt;</span>  [47,] 0.51656197 0.29594124 0.18749679</span>
<span class="r-out co"><span class="r-pr">#&gt;</span>  [48,] 0.19568837 0.23702560 0.56728603</span>
<span class="r-out co"><span class="r-pr">#&gt;</span>  [49,] 0.17223595 0.40102142 0.42674263</span>
<span class="r-out co"><span class="r-pr">#&gt;</span>  [50,] 0.42278884 0.18851859 0.38869257</span>
<span class="r-out co"><span class="r-pr">#&gt;</span>  [51,] 0.42398733 0.15527388 0.42073879</span>
<span class="r-out co"><span class="r-pr">#&gt;</span>  [52,] 0.30155520 0.31716222 0.38128258</span>
<span class="r-out co"><span class="r-pr">#&gt;</span>  [53,] 0.09895022 0.06726794 0.83378184</span>
<span class="r-out co"><span class="r-pr">#&gt;</span>  [54,] 0.44898423 0.28522578 0.26578999</span>
<span class="r-out co"><span class="r-pr">#&gt;</span>  [55,] 0.39170668 0.34687159 0.26142172</span>
<span class="r-out co"><span class="r-pr">#&gt;</span>  [56,] 0.30607697 0.34678660 0.34713643</span>
<span class="r-out co"><span class="r-pr">#&gt;</span>  [57,] 0.51628394 0.24591389 0.23780217</span>
<span class="r-out co"><span class="r-pr">#&gt;</span>  [58,] 0.34496410 0.24772504 0.40731086</span>
<span class="r-out co"><span class="r-pr">#&gt;</span>  [59,] 0.57322565 0.28482020 0.14195415</span>
<span class="r-out co"><span class="r-pr">#&gt;</span>  [60,] 0.36871176 0.21152938 0.41975885</span>
<span class="r-out co"><span class="r-pr">#&gt;</span>  [61,] 0.22628225 0.29972802 0.47398973</span>
<span class="r-out co"><span class="r-pr">#&gt;</span>  [62,] 0.24251173 0.45970980 0.29777847</span>
<span class="r-out co"><span class="r-pr">#&gt;</span>  [63,] 0.24876396 0.42245127 0.32878477</span>
<span class="r-out co"><span class="r-pr">#&gt;</span>  [64,] 0.56463666 0.22430134 0.21106200</span>
<span class="r-out co"><span class="r-pr">#&gt;</span>  [65,] 0.48047458 0.14728921 0.37223621</span>
<span class="r-out co"><span class="r-pr">#&gt;</span>  [66,] 0.10638141 0.64800554 0.24561304</span>
<span class="r-out co"><span class="r-pr">#&gt;</span>  [67,] 0.83747489 0.07691375 0.08561136</span>
<span class="r-out co"><span class="r-pr">#&gt;</span>  [68,] 0.48220264 0.31078974 0.20700763</span>
<span class="r-out co"><span class="r-pr">#&gt;</span>  [69,] 0.19974626 0.46422541 0.33602833</span>
<span class="r-out co"><span class="r-pr">#&gt;</span>  [70,] 0.38055666 0.24986962 0.36957372</span>
<span class="r-out co"><span class="r-pr">#&gt;</span>  [71,] 0.18743929 0.66535329 0.14720742</span>
<span class="r-out co"><span class="r-pr">#&gt;</span>  [72,] 0.27367659 0.32656767 0.39975574</span>
<span class="r-out co"><span class="r-pr">#&gt;</span>  [73,] 0.50398049 0.27241178 0.22360773</span>
<span class="r-out co"><span class="r-pr">#&gt;</span>  [74,] 0.12338522 0.12671130 0.74990348</span>
<span class="r-out co"><span class="r-pr">#&gt;</span>  [75,] 0.70914175 0.18156176 0.10929649</span>
<span class="r-out co"><span class="r-pr">#&gt;</span>  [76,] 0.43260934 0.28681220 0.28057846</span>
<span class="r-out co"><span class="r-pr">#&gt;</span>  [77,] 0.18353903 0.21512067 0.60134030</span>
<span class="r-out co"><span class="r-pr">#&gt;</span>  [78,] 0.16809848 0.70330193 0.12859959</span>
<span class="r-out co"><span class="r-pr">#&gt;</span>  [79,] 0.41701506 0.33345375 0.24953118</span>
<span class="r-out co"><span class="r-pr">#&gt;</span>  [80,] 0.25020582 0.10897845 0.64081573</span>
<span class="r-out co"><span class="r-pr">#&gt;</span>  [81,] 0.67845151 0.15387600 0.16767249</span>
<span class="r-out co"><span class="r-pr">#&gt;</span>  [82,] 0.21689551 0.38560145 0.39750304</span>
<span class="r-out co"><span class="r-pr">#&gt;</span>  [83,] 0.26816456 0.44299181 0.28884363</span>
<span class="r-out co"><span class="r-pr">#&gt;</span>  [84,] 0.22761305 0.53424681 0.23814015</span>
<span class="r-out co"><span class="r-pr">#&gt;</span>  [85,] 0.29582570 0.41851609 0.28565820</span>
<span class="r-out co"><span class="r-pr">#&gt;</span>  [86,] 0.22475633 0.26652366 0.50872001</span>
<span class="r-out co"><span class="r-pr">#&gt;</span>  [87,] 0.52009405 0.33180504 0.14810091</span>
<span class="r-out co"><span class="r-pr">#&gt;</span>  [88,] 0.37922289 0.49366545 0.12711166</span>
<span class="r-out co"><span class="r-pr">#&gt;</span>  [89,] 0.34930689 0.36252369 0.28816942</span>
<span class="r-out co"><span class="r-pr">#&gt;</span>  [90,] 0.19079161 0.29952436 0.50968403</span>
<span class="r-out co"><span class="r-pr">#&gt;</span>  [91,] 0.47653091 0.21370614 0.30976295</span>
<span class="r-out co"><span class="r-pr">#&gt;</span>  [92,] 0.22922311 0.22059555 0.55018134</span>
<span class="r-out co"><span class="r-pr">#&gt;</span>  [93,] 0.50271619 0.27451214 0.22277167</span>
<span class="r-out co"><span class="r-pr">#&gt;</span>  [94,] 0.16524229 0.34637661 0.48838110</span>
<span class="r-out co"><span class="r-pr">#&gt;</span>  [95,] 0.35898734 0.42981014 0.21120252</span>
<span class="r-out co"><span class="r-pr">#&gt;</span>  [96,] 0.25364711 0.32514562 0.42120727</span>
<span class="r-out co"><span class="r-pr">#&gt;</span>  [97,] 0.22926294 0.48058674 0.29015032</span>
<span class="r-out co"><span class="r-pr">#&gt;</span>  [98,] 0.16556028 0.32971386 0.50472587</span>
<span class="r-out co"><span class="r-pr">#&gt;</span>  [99,] 0.52464681 0.25236862 0.22298456</span>
<span class="r-out co"><span class="r-pr">#&gt;</span> [100,] 0.17165090 0.38219625 0.44615285</span>
<span class="r-in"><span><span class="fu">rmevspec</span><span class="op">(</span>n<span class="op">=</span><span class="fl">100</span>, d<span class="op">=</span><span class="fl">3</span>, param<span class="op">=</span><span class="fl">2.5</span>, model<span class="op">=</span><span class="st">'neglog'</span><span class="op">)</span></span></span>
<span class="r-out co"><span class="r-pr">#&gt;</span>              [,1]       [,2]       [,3]</span>
<span class="r-out co"><span class="r-pr">#&gt;</span>   [1,] 0.29324755 0.27371670 0.43303575</span>
<span class="r-out co"><span class="r-pr">#&gt;</span>   [2,] 0.24266201 0.30189134 0.45544665</span>
<span class="r-out co"><span class="r-pr">#&gt;</span>   [3,] 0.31491897 0.09349562 0.59158541</span>
<span class="r-out co"><span class="r-pr">#&gt;</span>   [4,] 0.27106403 0.45647367 0.27246230</span>
<span class="r-out co"><span class="r-pr">#&gt;</span>   [5,] 0.30114810 0.25663858 0.44221331</span>
<span class="r-out co"><span class="r-pr">#&gt;</span>   [6,] 0.49332040 0.23112621 0.27555339</span>
<span class="r-out co"><span class="r-pr">#&gt;</span>   [7,] 0.39640444 0.49076605 0.11282951</span>
<span class="r-out co"><span class="r-pr">#&gt;</span>   [8,] 0.30549790 0.23227172 0.46223038</span>
<span class="r-out co"><span class="r-pr">#&gt;</span>   [9,] 0.44474084 0.27205092 0.28320824</span>
<span class="r-out co"><span class="r-pr">#&gt;</span>  [10,] 0.51738810 0.33769578 0.14491612</span>
<span class="r-out co"><span class="r-pr">#&gt;</span>  [11,] 0.43672504 0.36623100 0.19704396</span>
<span class="r-out co"><span class="r-pr">#&gt;</span>  [12,] 0.27525384 0.18181453 0.54293163</span>
<span class="r-out co"><span class="r-pr">#&gt;</span>  [13,] 0.45892746 0.23603767 0.30503487</span>
<span class="r-out co"><span class="r-pr">#&gt;</span>  [14,] 0.48476158 0.28697691 0.22826151</span>
<span class="r-out co"><span class="r-pr">#&gt;</span>  [15,] 0.23435381 0.29250756 0.47313863</span>
<span class="r-out co"><span class="r-pr">#&gt;</span>  [16,] 0.22361187 0.40423480 0.37215333</span>
<span class="r-out co"><span class="r-pr">#&gt;</span>  [17,] 0.52183070 0.32149883 0.15667047</span>
<span class="r-out co"><span class="r-pr">#&gt;</span>  [18,] 0.46947056 0.27772310 0.25280634</span>
<span class="r-out co"><span class="r-pr">#&gt;</span>  [19,] 0.28068026 0.27629024 0.44302949</span>
<span class="r-out co"><span class="r-pr">#&gt;</span>  [20,] 0.31469913 0.36943222 0.31586865</span>
<span class="r-out co"><span class="r-pr">#&gt;</span>  [21,] 0.30805674 0.17890266 0.51304060</span>
<span class="r-out co"><span class="r-pr">#&gt;</span>  [22,] 0.55781581 0.20928548 0.23289871</span>
<span class="r-out co"><span class="r-pr">#&gt;</span>  [23,] 0.38233221 0.40150490 0.21616289</span>
<span class="r-out co"><span class="r-pr">#&gt;</span>  [24,] 0.41240845 0.17701829 0.41057326</span>
<span class="r-out co"><span class="r-pr">#&gt;</span>  [25,] 0.40947319 0.16696131 0.42356550</span>
<span class="r-out co"><span class="r-pr">#&gt;</span>  [26,] 0.17878224 0.08348366 0.73773411</span>
<span class="r-out co"><span class="r-pr">#&gt;</span>  [27,] 0.35439864 0.49684478 0.14875658</span>
<span class="r-out co"><span class="r-pr">#&gt;</span>  [28,] 0.22309828 0.34663669 0.43026503</span>
<span class="r-out co"><span class="r-pr">#&gt;</span>  [29,] 0.18760515 0.28025888 0.53213597</span>
<span class="r-out co"><span class="r-pr">#&gt;</span>  [30,] 0.13633821 0.39188672 0.47177506</span>
<span class="r-out co"><span class="r-pr">#&gt;</span>  [31,] 0.41812736 0.12801475 0.45385789</span>
<span class="r-out co"><span class="r-pr">#&gt;</span>  [32,] 0.19467090 0.22831348 0.57701562</span>
<span class="r-out co"><span class="r-pr">#&gt;</span>  [33,] 0.23529724 0.26011478 0.50458798</span>
<span class="r-out co"><span class="r-pr">#&gt;</span>  [34,] 0.30747184 0.38316536 0.30936280</span>
<span class="r-out co"><span class="r-pr">#&gt;</span>  [35,] 0.31844673 0.29558943 0.38596383</span>
<span class="r-out co"><span class="r-pr">#&gt;</span>  [36,] 0.47195816 0.44898731 0.07905453</span>
<span class="r-out co"><span class="r-pr">#&gt;</span>  [37,] 0.23654438 0.58608835 0.17736726</span>
<span class="r-out co"><span class="r-pr">#&gt;</span>  [38,] 0.34617156 0.41380491 0.24002353</span>
<span class="r-out co"><span class="r-pr">#&gt;</span>  [39,] 0.27549295 0.45452960 0.26997744</span>
<span class="r-out co"><span class="r-pr">#&gt;</span>  [40,] 0.44315336 0.31232459 0.24452205</span>
<span class="r-out co"><span class="r-pr">#&gt;</span>  [41,] 0.21926632 0.40420856 0.37652512</span>
<span class="r-out co"><span class="r-pr">#&gt;</span>  [42,] 0.43340922 0.35066458 0.21592620</span>
<span class="r-out co"><span class="r-pr">#&gt;</span>  [43,] 0.10612122 0.42053157 0.47334721</span>
<span class="r-out co"><span class="r-pr">#&gt;</span>  [44,] 0.45643463 0.26662252 0.27694284</span>
<span class="r-out co"><span class="r-pr">#&gt;</span>  [45,] 0.40455405 0.52270899 0.07273696</span>
<span class="r-out co"><span class="r-pr">#&gt;</span>  [46,] 0.42284508 0.26074728 0.31640765</span>
<span class="r-out co"><span class="r-pr">#&gt;</span>  [47,] 0.42349328 0.25871417 0.31779255</span>
<span class="r-out co"><span class="r-pr">#&gt;</span>  [48,] 0.09953614 0.59841573 0.30204813</span>
<span class="r-out co"><span class="r-pr">#&gt;</span>  [49,] 0.31080589 0.38601611 0.30317800</span>
<span class="r-out co"><span class="r-pr">#&gt;</span>  [50,] 0.22193529 0.44474529 0.33331942</span>
<span class="r-out co"><span class="r-pr">#&gt;</span>  [51,] 0.63648363 0.15918551 0.20433087</span>
<span class="r-out co"><span class="r-pr">#&gt;</span>  [52,] 0.30111364 0.39681544 0.30207093</span>
<span class="r-out co"><span class="r-pr">#&gt;</span>  [53,] 0.36523614 0.35988737 0.27487649</span>
<span class="r-out co"><span class="r-pr">#&gt;</span>  [54,] 0.16016202 0.41581293 0.42402504</span>
<span class="r-out co"><span class="r-pr">#&gt;</span>  [55,] 0.40146904 0.22720406 0.37132690</span>
<span class="r-out co"><span class="r-pr">#&gt;</span>  [56,] 0.18868136 0.36875695 0.44256169</span>
<span class="r-out co"><span class="r-pr">#&gt;</span>  [57,] 0.45191540 0.17257494 0.37550966</span>
<span class="r-out co"><span class="r-pr">#&gt;</span>  [58,] 0.09354807 0.53620331 0.37024862</span>
<span class="r-out co"><span class="r-pr">#&gt;</span>  [59,] 0.24169399 0.35790696 0.40039905</span>
<span class="r-out co"><span class="r-pr">#&gt;</span>  [60,] 0.24063069 0.47306686 0.28630245</span>
<span class="r-out co"><span class="r-pr">#&gt;</span>  [61,] 0.35072203 0.20657151 0.44270647</span>
<span class="r-out co"><span class="r-pr">#&gt;</span>  [62,] 0.23644323 0.31757645 0.44598032</span>
<span class="r-out co"><span class="r-pr">#&gt;</span>  [63,] 0.11377660 0.57925497 0.30696843</span>
<span class="r-out co"><span class="r-pr">#&gt;</span>  [64,] 0.35397526 0.28189151 0.36413323</span>
<span class="r-out co"><span class="r-pr">#&gt;</span>  [65,] 0.33767102 0.30057717 0.36175182</span>
<span class="r-out co"><span class="r-pr">#&gt;</span>  [66,] 0.47681037 0.29273929 0.23045034</span>
<span class="r-out co"><span class="r-pr">#&gt;</span>  [67,] 0.36148092 0.45283351 0.18568557</span>
<span class="r-out co"><span class="r-pr">#&gt;</span>  [68,] 0.33060925 0.33090638 0.33848437</span>
<span class="r-out co"><span class="r-pr">#&gt;</span>  [69,] 0.37124002 0.26291557 0.36584441</span>
<span class="r-out co"><span class="r-pr">#&gt;</span>  [70,] 0.27271834 0.53023050 0.19705116</span>
<span class="r-out co"><span class="r-pr">#&gt;</span>  [71,] 0.30243256 0.15987047 0.53769698</span>
<span class="r-out co"><span class="r-pr">#&gt;</span>  [72,] 0.20119119 0.62642157 0.17238724</span>
<span class="r-out co"><span class="r-pr">#&gt;</span>  [73,] 0.05610546 0.31400037 0.62989417</span>
<span class="r-out co"><span class="r-pr">#&gt;</span>  [74,] 0.15443324 0.47144442 0.37412234</span>
<span class="r-out co"><span class="r-pr">#&gt;</span>  [75,] 0.40902752 0.34735879 0.24361369</span>
<span class="r-out co"><span class="r-pr">#&gt;</span>  [76,] 0.19754064 0.26151378 0.54094557</span>
<span class="r-out co"><span class="r-pr">#&gt;</span>  [77,] 0.53891618 0.18529816 0.27578567</span>
<span class="r-out co"><span class="r-pr">#&gt;</span>  [78,] 0.41188223 0.38225169 0.20586608</span>
<span class="r-out co"><span class="r-pr">#&gt;</span>  [79,] 0.18473567 0.40259145 0.41267288</span>
<span class="r-out co"><span class="r-pr">#&gt;</span>  [80,] 0.19063865 0.26506958 0.54429177</span>
<span class="r-out co"><span class="r-pr">#&gt;</span>  [81,] 0.26923934 0.36639670 0.36436396</span>
<span class="r-out co"><span class="r-pr">#&gt;</span>  [82,] 0.16515065 0.34390390 0.49094545</span>
<span class="r-out co"><span class="r-pr">#&gt;</span>  [83,] 0.40108530 0.48616676 0.11274794</span>
<span class="r-out co"><span class="r-pr">#&gt;</span>  [84,] 0.32501678 0.26945166 0.40553156</span>
<span class="r-out co"><span class="r-pr">#&gt;</span>  [85,] 0.29233200 0.25614788 0.45152012</span>
<span class="r-out co"><span class="r-pr">#&gt;</span>  [86,] 0.23576741 0.35543645 0.40879613</span>
<span class="r-out co"><span class="r-pr">#&gt;</span>  [87,] 0.52754559 0.29771201 0.17474241</span>
<span class="r-out co"><span class="r-pr">#&gt;</span>  [88,] 0.28031868 0.31097141 0.40870991</span>
<span class="r-out co"><span class="r-pr">#&gt;</span>  [89,] 0.26963035 0.47377489 0.25659476</span>
<span class="r-out co"><span class="r-pr">#&gt;</span>  [90,] 0.49633602 0.43858928 0.06507470</span>
<span class="r-out co"><span class="r-pr">#&gt;</span>  [91,] 0.30124339 0.32311604 0.37564057</span>
<span class="r-out co"><span class="r-pr">#&gt;</span>  [92,] 0.12143910 0.45008436 0.42847654</span>
<span class="r-out co"><span class="r-pr">#&gt;</span>  [93,] 0.25784598 0.10338145 0.63877257</span>
<span class="r-out co"><span class="r-pr">#&gt;</span>  [94,] 0.39487542 0.29363435 0.31149023</span>
<span class="r-out co"><span class="r-pr">#&gt;</span>  [95,] 0.61931011 0.04807043 0.33261945</span>
<span class="r-out co"><span class="r-pr">#&gt;</span>  [96,] 0.36704236 0.35944486 0.27351278</span>
<span class="r-out co"><span class="r-pr">#&gt;</span>  [97,] 0.33603453 0.21460757 0.44935790</span>
<span class="r-out co"><span class="r-pr">#&gt;</span>  [98,] 0.32267496 0.31008608 0.36723896</span>
<span class="r-out co"><span class="r-pr">#&gt;</span>  [99,] 0.18219448 0.65648506 0.16132046</span>
<span class="r-out co"><span class="r-pr">#&gt;</span> [100,] 0.32880516 0.43063171 0.24056314</span>
<span class="r-in"><span><span class="fu">rmevspec</span><span class="op">(</span>n<span class="op">=</span><span class="fl">100</span>, d<span class="op">=</span><span class="fl">4</span>, param<span class="op">=</span><span class="fu"><a href="https://rdrr.io/r/base/c.html" class="external-link">c</a></span><span class="op">(</span><span class="fl">0.2</span>,<span class="fl">0.1</span>,<span class="fl">0.9</span>,<span class="fl">0.5</span><span class="op">)</span>, model<span class="op">=</span><span class="st">'bilog'</span><span class="op">)</span></span></span>
<span class="r-out co"><span class="r-pr">#&gt;</span>                [,1]         [,2]        [,3]         [,4]</span>
<span class="r-out co"><span class="r-pr">#&gt;</span>   [1,] 5.234418e-01 2.825618e-01 0.091749316 1.022470e-01</span>
<span class="r-out co"><span class="r-pr">#&gt;</span>   [2,] 4.000961e-01 2.862000e-01 0.089627773 2.240762e-01</span>
<span class="r-out co"><span class="r-pr">#&gt;</span>   [3,] 8.147276e-02 1.148620e-01 0.017689832 7.859754e-01</span>
<span class="r-out co"><span class="r-pr">#&gt;</span>   [4,] 2.992166e-01 2.737143e-01 0.282904647 1.441645e-01</span>
<span class="r-out co"><span class="r-pr">#&gt;</span>   [5,] 4.405556e-04 3.018120e-04 0.999147683 1.099497e-04</span>
<span class="r-out co"><span class="r-pr">#&gt;</span>   [6,] 4.729032e-01 2.862873e-01 0.107838118 1.329714e-01</span>
<span class="r-out co"><span class="r-pr">#&gt;</span>   [7,] 2.397379e-01 3.325465e-01 0.051819134 3.758964e-01</span>
<span class="r-out co"><span class="r-pr">#&gt;</span>   [8,] 4.971702e-05 4.370568e-05 0.999875779 3.079866e-05</span>
<span class="r-out co"><span class="r-pr">#&gt;</span>   [9,] 3.053156e-01 2.678775e-01 0.257221575 1.695853e-01</span>
<span class="r-out co"><span class="r-pr">#&gt;</span>  [10,] 4.151696e-01 2.845956e-01 0.017161818 2.830729e-01</span>
<span class="r-out co"><span class="r-pr">#&gt;</span>  [11,] 3.408676e-01 3.840805e-01 0.031575710 2.434762e-01</span>
<span class="r-out co"><span class="r-pr">#&gt;</span>  [12,] 5.020323e-01 2.852426e-01 0.055035061 1.576900e-01</span>
<span class="r-out co"><span class="r-pr">#&gt;</span>  [13,] 2.720881e-01 3.805112e-01 0.136558376 2.108423e-01</span>
<span class="r-out co"><span class="r-pr">#&gt;</span>  [14,] 2.113526e-01 3.505668e-01 0.043092849 3.949878e-01</span>
<span class="r-out co"><span class="r-pr">#&gt;</span>  [15,] 3.342656e-01 2.856227e-01 0.193797959 1.863138e-01</span>
<span class="r-out co"><span class="r-pr">#&gt;</span>  [16,] 9.380495e-02 1.255324e-01 0.508745335 2.719173e-01</span>
<span class="r-out co"><span class="r-pr">#&gt;</span>  [17,] 2.138964e-01 3.572308e-01 0.113382847 3.154900e-01</span>
<span class="r-out co"><span class="r-pr">#&gt;</span>  [18,] 4.583654e-01 3.059282e-01 0.017803665 2.179027e-01</span>
<span class="r-out co"><span class="r-pr">#&gt;</span>  [19,] 4.388056e-01 3.502183e-01 0.022948523 1.880276e-01</span>
<span class="r-out co"><span class="r-pr">#&gt;</span>  [20,] 3.096968e-01 3.311045e-01 0.020221560 3.389772e-01</span>
<span class="r-out co"><span class="r-pr">#&gt;</span>  [21,] 3.025482e-01 3.483917e-01 0.101417812 2.476422e-01</span>
<span class="r-out co"><span class="r-pr">#&gt;</span>  [22,] 3.072719e-01 3.720219e-01 0.075032805 2.456734e-01</span>
<span class="r-out co"><span class="r-pr">#&gt;</span>  [23,] 3.387522e-01 3.684183e-01 0.059841039 2.329884e-01</span>
<span class="r-out co"><span class="r-pr">#&gt;</span>  [24,] 3.318002e-01 2.872838e-01 0.218446281 1.624697e-01</span>
<span class="r-out co"><span class="r-pr">#&gt;</span>  [25,] 2.927621e-01 3.166867e-01 0.109533992 2.810172e-01</span>
<span class="r-out co"><span class="r-pr">#&gt;</span>  [26,] 3.356358e-01 2.227075e-01 0.021327794 4.203289e-01</span>
<span class="r-out co"><span class="r-pr">#&gt;</span>  [27,] 2.392905e-01 3.712061e-01 0.059487103 3.300163e-01</span>
<span class="r-out co"><span class="r-pr">#&gt;</span>  [28,] 4.610092e-01 3.220538e-01 0.023876364 1.930606e-01</span>
<span class="r-out co"><span class="r-pr">#&gt;</span>  [29,] 4.944411e-02 8.239843e-02 0.007940288 8.602172e-01</span>
<span class="r-out co"><span class="r-pr">#&gt;</span>  [30,] 8.753428e-02 1.069626e-01 0.121743850 6.837593e-01</span>
<span class="r-out co"><span class="r-pr">#&gt;</span>  [31,] 3.568704e-01 2.174275e-01 0.014905967 4.107961e-01</span>
<span class="r-out co"><span class="r-pr">#&gt;</span>  [32,] 1.707729e-01 1.435619e-01 0.606911638 7.875365e-02</span>
<span class="r-out co"><span class="r-pr">#&gt;</span>  [33,] 3.606348e-01 2.967578e-01 0.144366469 1.982410e-01</span>
<span class="r-out co"><span class="r-pr">#&gt;</span>  [34,] 3.278830e-01 2.549662e-01 0.118852627 2.982982e-01</span>
<span class="r-out co"><span class="r-pr">#&gt;</span>  [35,] 1.454120e-01 2.541724e-01 0.036764104 5.636514e-01</span>
<span class="r-out co"><span class="r-pr">#&gt;</span>  [36,] 2.852044e-02 4.271625e-02 0.002791577 9.259717e-01</span>
<span class="r-out co"><span class="r-pr">#&gt;</span>  [37,] 2.492278e-01 2.953158e-01 0.155068342 3.003880e-01</span>
<span class="r-out co"><span class="r-pr">#&gt;</span>  [38,] 2.420126e-01 3.463577e-01 0.070861497 3.407682e-01</span>
<span class="r-out co"><span class="r-pr">#&gt;</span>  [39,] 2.398732e-01 3.096548e-01 0.052373112 3.980989e-01</span>
<span class="r-out co"><span class="r-pr">#&gt;</span>  [40,] 3.226722e-01 3.712857e-01 0.063628385 2.424138e-01</span>
<span class="r-out co"><span class="r-pr">#&gt;</span>  [41,] 3.120426e-01 3.582267e-01 0.067203531 2.625272e-01</span>
<span class="r-out co"><span class="r-pr">#&gt;</span>  [42,] 2.925666e-01 4.586201e-01 0.065323141 1.834901e-01</span>
<span class="r-out co"><span class="r-pr">#&gt;</span>  [43,] 2.838861e-01 3.425302e-01 0.038371330 3.352124e-01</span>
<span class="r-out co"><span class="r-pr">#&gt;</span>  [44,] 3.276374e-01 2.492006e-01 0.017260608 4.059015e-01</span>
<span class="r-out co"><span class="r-pr">#&gt;</span>  [45,] 3.548533e-02 3.875469e-02 0.886150427 3.960955e-02</span>
